
start: 2018-11-25 22:06:16.368685704 +02:00
end: 2018-11-25 22:06:22.113719777 +02:00
